1507897 2013809
3229040 3268277
2048
-448270 3679112 2478798 -3067360
3963321 2051283 1247967 1499896
-457336 -1297577 -3934580 1191201
2791356 362674 3698906 -2632685
2845477 2346298 1420303 -3477825
192464 1448683 1681600 877720
796211 -2211379 1482164 -1074256
2746810 -1019529 -686262 -1992021
2271874 -4164785 -1804338 2058631
2329591 -244360 95612 -190694
-1878548 -610065 -479061 -316204
-2307603 -296939 -2831376 -1657451
1059075 -3269775 2787470 -222746
2518401 -243439 1770120 -2876558
4074749 2237149 3370229 290322
-1077850 -1026378 1066150 -3182370
4084245 1955245 -4151567 -3416083
-3252900 875677 -1310663 916755
3585730 3082889 -1204521 1515366
-1516373 -4069006 -1860074 -3166768
-2396251 -713584 -2999346 269514
140973 3073910 2261585 3298683
-3351990 26527 -246127 1660192
2405657 -391908 2023374 511516
-2242436 -1396602 683417 -1228078
-641475 -336251 -1225856 -2904228
1263741 -2065867 -2698019 -694340
-4127105 3193365 -3762254 -2811967
3131296 1934851 3505851 -346853
525071 1133194 -4000704 3026340
907798 -4021634 -2063804 583162
-4110115 -145376 204695 1043577
-2195589 -3024657 1801590 -981675
3075343 2517050 -2873242 -4022640
3114680 -3585021 696335 -3963098
3587956 3079755 -2807194 -4184786
-1721491 2313148 4027191 -299352
-465885 1049532 -133858 1118023
4178255 90576 -2448383 116765
-3460530 -2650504 2508590 -1938310
-1487184 -3167747 -3251137 2351580
-432318 -4173281 -308990 -750197
-1360304 -385896 3734341 4121744
2873511 -3951273 -2620013 -571304
1217304 727267 3571492 2101300
3516594 1370284 1613633 -937835
-3408757 -1359183 -3822498 -4329
3346982 -1481340 -2657149 3194734
-1963346 4119939 1252627 -2216639
-1287999 -1321653 -1829505 -1593
1460484 -2155421 -1459114 -677151
2808510 -986330 2619939 -631759
4017837 -2623274 2863817 -1189439
-2962309 1532677 2758954 2229399
-1058336 -1381437 -2604944 -766940
633152 2421486 -3359035 -1190731
3273997 -1425178 3971174 3729548
2760616 2757286 -630449 1441980
-3553169 3122568 705500 2906274
1255355 1260167 -4147357 -855187
1496450 -3067763 3406268 1490618
205002 57369 -1672216 -3011213
-3499461 -2059822 -602897 2661545
2113018 4113885 -1243380 386996
871690 -1972771 -145205 966691
79235 1451580 -730943 3588397
1932342 1693382 -1971226 -327911
3660336 3282068 -2634088 -2740456
-2450851 -895069 2269520 -3630061
3661271 -1309238 1040945 2795775
-1112952 2662170 -1463606 1554839
2454791 -1300287 -1606670 -2071203
2980684 -1550261 -3654596 -140704
2873174 -3107252 1555558 -2178614
-415211 149036 -1004554 3620757
-2588220 2054056 512055 1338270
559593 1238407 908606 -1837583
-3507341 -417284 -97314 2446940
226066 -3953728 173334 -2300833
-3665290 -327456 -439900 4070417
-2517040 -1237069 161180 -2488902
3459344 664932 3849212 -2172292
-3263628 -1026946 1398872 3518327
-149719 -1591613 4072823 -4128912
-3166205 -434047 -575247 -2126858
1546804 -1928861 -3792880 2304835
3411013 681925 -2401236 3417443
-2333137 -2826109 -241096 923272
-3545807 -3874634 -3283526 2560687
-3722706 4022564 -3050765 -866377
-4007077 -3764902 1634520 1374538
-2546310 2296435 -2898399 1504442
-1325345 2029141 3252171 1379643
-1337901 -3755469 -2274888 2783562
-278058 -2665373 2443610 2329616
3347719 1571653 -1864919 2109949
2228779 -2591052 2980689 -3839373
-3328024 -2614717 1931753 -2751769
3843641 -2804740 -3567694 3321272
3194430 -2111684 675566 3738936
215834 -2701360 1276416 -482040
767106 -4128961 893211 2032608
1013461 3867120 -1319249 -2484327
1975235 3786564 137951 -1799599
3437692 3341113 -1437598 -2182780
-3891849 1743891 4085550 1696880
-1582027 385277 1905795 1587391
774614 2033281 2271721 1639386
1873618 -2712436 3138078 -19317
3168623 -2011436 -2087933 2704469
-2624394 3551836 -1901371 3958555
4178508 355880 1243843 3128746
-908839 -477186 -1098053 -3605881
510211 -1101219 -1467255 109937
-1336231 -1808584 802408 -3484044
-1866139 1175463 -32179 1333315
230853 2287587 2397691 -3756780
-746862 3361176 -561862 -553011
3766889 -118398 -140539 2020818
1377536 -820089 1455296 2810818
-1235549 -1877477 -3150184 385658
-297610 1817855 -813517 -2759880
-3720295 -2673291 -3537610 2281475
-2454261 -2310291 1093972 3513749
-924003 -4180269 -1723414 1180650
-272976 3743539 -520339 493805
3818282 -2188642 2556124 -2670198
423286 3707991 -288519 2444374
2673021 -625421 -2175853 11560
-2815998 -2856926 -1731647 1178544
2513983 3073598 -3231673 1802766
-884039 -2769250 -3931383 1273787
-168772 1091913 2503064 -2013300
4096853 2701531 -1790243 -1563357
-2697500 1749895 -35459 -3798107
-2539528 -3956070 -1267523 -627952
-1291105 2194802 4134206 -2557406
1091126 -1403802 457855 3403225
3531150 -2313751 -3834214 -2774477
799165 -3399915 48257 -1403218
-3528593 563209 2938735 -1498650
3524927 2855011 -1381456 1539356
-1815896 -1061501 -1310490 332377
78974 1837061 -3067027 -3027836
1559565 3112985 271105 -3147643
3224171 1197214 -2480321 1361622
2354538 192412 -423206 -554319
-1280651 -2563127 1451507 1559931
3844891 1924156 -1958648 -1006405
479892 3970068 -1889334 -3248012
3239432 -2625389 2408504 2663890
-1841659 -2995854 -3710114 -378363
-3525876 -3602823 -3729153 -2530913
-2361955 2665897 3606099 -3736472
-3920621 39908 3678824 -2192213
2472565 2898079 -3022334 2851733
-3642770 1274452 84634 -1759938
-3582972 -1218527 2096211 -3839458
-466420 2225525 2246823 3455314
-3264601 -1746325 -4030595 326765
-1345028 -553821 -2425312 -1988068
3503437 1588487 784573 2229598
-3333326 -899093 3476599 -3830138
-2718764 -3851203 -1819161 -1823907
2960561 -806102 -768990 2430651
-2752467 -3248889 -3182451 1768270
-4108010 -2517457 -1790250 -3207195
1299010 3865515 -2956433 3163987
711746 647048 88139 1937838
222634 963740 2849709 2894080
-3029676 1231949 1625455 -2550764
3656014 2279724 -209635 -525700
-2002094 4048145 3562231 -551060
-3924724 1131402 -2422023 -349606
731645 -4155516 -1979779 -370464
17386 -504969 3149414 866938
703890 -3933951 1070775 3337569
-3169368 2089043 197282 -3757590
4137492 -3260058 1329126 -348975
3456594 2730876 -2937410 2005338
-837268 1216450 283870 4022247
-2048717 3210355 -4094686 -159653
2607950 -784431 4072647 -3737070
-231802 725574 3108685 -63791
-2574576 -212270 -3943791 -442725
-1797013 2319233 3858578 -4192306
-844354 -1668216 4134415 -921021
2830637 -3218117 -1935695 -491714
250811 1211675 3813223 203791
-152955 2242835 -40680 -774123
-1760655 -2078038 2201834 500165
-3765213 64896 -3106993 -1048530
1957834 -2424036 376269 -4173938
115244 -2173907 537738 -3867875
3516663 1762162 -819558 -589660
1556556 3290877 -2059670 -1714021
493438 -3682860 1946600 3158144
-940463 -1814703 3695735 2111142
3238463 3258405 -2518330 2050304
2981442 -2767811 -1117283 -3765905
3299518 -3958396 -3097174 -1606864
-255064 1386416 -1024426 2551158
3629189 201245 -1410751 2002895
1439996 1480026 -3761534 1033552
-3078913 718777 2812318 1177152
4079359 -2364982 -2149961 -362444
-4177515 1241760 3699938 1490226
3060307 -1998681 -2565205 3474161
-3117470 3099528 24449 -3018046
-1005303 -93833 -3172777 742197
-1198373 -2019276 3549032 3757888
-2820382 106676 1938935 3188580
-697123 1739256 1372782 4065003
-2362310 2089687 -3659378 -269937
-243514 -4054627 490232 -779923
-1799500 -854869 -447245 -1349424
-989204 -3313109 -960085 144442
1611359 4096556 3941818 3573994
-740817 3531017 -1452235 -2289823
303127 1500016 3214711 -3915838
1840685 -3593016 2113480 -2534679
262627 573421 2754145 3977722
4045452 644257 2434311 1553120
-1893631 63691 824918 904326
-3309354 -1362508 -1421939 -2012715
615233 1280225 -1095508 -612325
238042 -3878232 3094320 -2104019
-1561089 -2678947 1133549 -2065168
-3874450 -1179131 3784326 -3136445
-949126 3135365 -2026792 3063504
-1783591 3336503 3161450 -2745252
-1721777 2961599 -756604 -3370701
376330 -3916284 2971141 -3798516
-3976874 1193413 -116683 3960903
486201 -4102523 512533 2008905
-56002 -2108669 -413749 -2119775
1111107 1653651 -1446153 1609281
-1438705 3572508 3326495 2112580
-4139763 2860778 -340029 1090187
3478193 -3745309 552693 -97536
-3424052 2886244 -780026 2325190
1045166 -2454119 2860128 -101620
-55423 3522473 -3234702 -3405046
-2819938 -4171947 1523362 -3037271
3884423 2115757 -1820653 1102643
3091532 936785 1692571 -2738874
1436124 1482969 -1280851 -374676
-1311884 1603623 1408536 3846606
3764963 3673418 309553 3417469
1172517 618210 2581190 1801733
-94081 2217443 -748209 2050227
2618212 2226799 -3759907 2022950
-1581530 3231454 -1661995 -2818574
-1554614 1766027 1204669 293949
2098448 -2659663 3024887 -2760686
2757421 -4163455 18461 3115964
3711332 2676639 -39254 1827066
1207930 2663322 -718955 -157091
-3059509 -1790774 325513 471686
643566 3808821 3956295 -3814648
3075981 851622 960347 -4040145
-599921 -3312855 1386098 3514346
-3952474 -3996899 2562263 -2835629
67624 -2070012 225933 -1921740
-2452452 -633396 3192833 3313013
3732288 3252099 -4029992 967954
-2728402 -1720672 391303 1632268
-109406 1903662 -3058676 -3162933
161583 2394968 3593178 2324148
-3772332 3979416 -1211081 234895
-1543757 -3673435 -352042 -2087159
-4141931 -3702542 -3104338 -1876277
-2018172 739784 3491731 -1040195
-2467885 -351639 -609163 -2128618
-4078950 2430385 1992661 2009328
3452632 1535916 1336825 2272669
2232302 -1508075 -596082 2307876
41060 413786 1198309 694314
-87323 180788 -1943207 2004502
-364005 697057 3431887 -2599255
-238040 -952506 3870026 291878
3120098 -3308954 -3931516 3517376
3210401 1723081 3429280 -1072110
2766207 -4061112 -3644231 815520
-3974914 -614002 -904336 2418377
1957537 2658793 -1151373 -1280480
-2646667 -633497 -3974701 -2810231
-2961019 -456604 3137382 3776137
-2312053 -2372175 -3515476 -1819837
-3432245 -4145046 1046347 138148
-1831845 -2180198 -4160737 -2217975
-2254628 2849436 347487 1933760
3183508 -2536499 611598 1485160
1785520 -355079 -1962059 4038480
2485677 3091964 498858 805849
-1962100 3088911 -1901729 1682865
-798587 1881563 -1477997 2254786
3251550 -2934621 -1832531 3827802
2675685 -603488 -1487320 2673768
2035016 -626770 -122115 3239230
1268508 -47184 -2235576 -2508680
-3822557 1476835 -637304 -1265164
-3324933 2923813 -3237899 -3878323
-2728004 -1016497 1216003 -1099187
500696 3474944 -3871598 215548
-3770209 -2031550 -3490439 3967436
1609906 -1911571 -1934711 -664144
-752467 -1230073 861733 -1710114
1067316 946469 1474636 3813687
-4172113 2838608 2523996 -1422370
3655399 -1844299 -1073896 2999313
3066097 1414059 3674727 -3927029
3948154 4025087 -1159014 3605942
2254417 3021632 -3476873 3212004
-3744018 2047386 1206661 2849585
-2450950 -546759 -133554 2450930
-2728627 -1651655 4097188 2284513
-3404834 -3670120 2339607 86199
1601008 1712352 2962536 3308769
648983 215651 -3591565 -122704
-1260977 -3887611 -3421662 3339903
-3069069 -490941 1257721 2717559
1009115 2757972 -461762 3443169
-1396558 -2007355 3017933 -1992996
2880766 -1071811 3554932 -2005724
3757946 40881 -2574402 1477198
-3635294 3203889 -595484 1580568
-3266082 989641 -1270170 1916020
-2489173 -2245277 -4160127 2173165
287921 -2240316 1635551 2094029
962657 1549033 313598 382390
-3691372 1569730 1581084 -4164703
3284752 -402438 -4048742 679398
2643885 3458441 -3764400 -1550542
-3537651 180547 -828074 1073411
90414 2020685 1992359 2043957
-2434541 -1914090 -3386572 1064340
2100530 654560 3534544 -1638396
1455364 1036229 3085019 4172718
3602178 -3422575 -3243273 -1805992
-3130072 -2546855 -933430 2857583
519426 2274654 2064572 -4112460
-3137078 -3169366 -355060 -1039599
-3143178 2954378 -55290 4072641
-669435 -2770842 -3633632 -1612854
-55359 1616686 -1480054 -3885494
3741952 -2633901 2088049 -555904
-3011910 205263 -3018755 2480056
1571427 1077490 2711874 3712110
96183 -1811085 -137457 -187284
2530924 3197869 -3823888 -402791
2714955 1938088 2369016 3623393
1341134 -2250620 -1623127 3001104
2896900 558137 1122627 -414395
-1226026 3354548 -1183570 -1008839
-2423531 -1342133 -2920892 3519932
1733399 -3914007 -1335392 -3688760
-3732966 784955 -1439052 3263805
-2633615 715990 -71447 3559813
-2360875 3171469 -256331 -3989700
-2611042 -4086875 428394 525778
1231619 -1706823 -2230070 -3341828
72388 1896633 3056938 143527
2375159 -1986153 3391810 -536716
2577739 691369 -4053367 -2970652
1756643 3723115 166385 4060918
4125627 3594908 2525477 -467615
521285 2505040 117440 -342718
3247438 908901 -1850393 4092137
-3382505 3196997 -2552344 -3408943
916881 -1422650 1400662 1800078
-3066859 533414 3089608 1655588
1577698 184752 -630903 1932020
-3613096 -1542612 2617507 4183011
1215891 -4190823 -2620019 3116554
2992416 -282829 2979492 -2312393
236881 4164201 1292059 3591479
1504218 -2582681 -3946729 -4029110
-3250630 3876580 -2171310 587775
-2690719 2472697 -1327272 1149419
388640 3590284 1638557 -4047726
2280513 529904 -3625497 3417773
4110469 366944 -2278397 -3051223
3058509 -1668360 3698984 -347298
-3543194 -541521 -2316242 -1168767
2306057 2814072 -2820673 3812964
-649095 4093203 -4065722 3727523
-2869121 984041 2984959 3359795
1539368 -3957208 -1630512 -94908
-2835245 -1046363 3696327 1794486
-666264 3083333 1941849 765445
1391771 -2731281 -662142 856808
-2195087 615536 -4106841 3911417
2324604 -2713601 -1648336 720606
3292557 -3744219 -976020 2067431
-3361210 -3171128 1040844 -2275133
-3978915 -614385 2219021 -1814177
-3408446 665234 -200787 701524
-2757952 3027068 -1108227 -110020
1312095 192561 -318485 -2821108
2047285 -2489570 -2599183 -3233211
-1081438 -3689829 785540 3891941
-3819519 1766426 -3402250 3256990
132934 3085716 -3681943 874155
383827 2564661 2198332 -1276316
-1335658 1110257 3053882 1313445
1013434 -1143535 3921482 3794793
-676532 186957 -1678771 1588629
-3882199 -656857 2548404 401527
2298788 -3444013 723774 3652137
3578727 328585 1337799 2769329
-2513199 2314976 3488812 -2504730
-265473 1063495 264092 -1802139
-4027389 2959318 1164620 2055948
-1621145 -489489 672046 -2370121
-1611269 -1070148 2278656 -2778507
-1450716 -4138236 4000495 790853
-1481032 -4139013 -3363870 -2140946
3054782 -1097356 -3786499 1982891
2741676 -1565106 3618364 -4165170
-2860204 -2048377 -2558527 3446785
-1419833 391191 -3567861 -926502
1276411 -4085483 2007926 1476661
2876554 680450 3971720 -2103119
-957088 -3991520 -3232941 1013137
3466189 -1182332 3395176 1458834
3731645 -2302663 -3057010 -3256693
-2022343 -3028305 478752 1848934
1823074 -1631618 474091 -542160
2789495 1534058 -1107278 -1520460
-2583344 2562980 -1622634 -3446699
2110719 -1850367 3732512 -1860035
-3567821 1057174 2538551 1896342
3459590 2819396 32189 2498362
-1231557 3005280 -823356 -3113854
-755756 3064746 -1693310 -3896353
-2500719 2980620 -162467 -1547074
-3026880 2980222 2931376 -2279672
-4127739 -3459055 -3994304 -3189144
3062564 3410103 -2620389 44773
2735987 467414 1673911 -3050954
4132430 359109 2875337 4140331
1196950 3451278 284877 -422886
-1139158 -3074107 1612040 -4068200
-3086862 -2621769 -3925933 4127880
-508338 1299505 559143 -936083
-3077754 -1410606 691524 -1101047
-3845885 2708811 1635375 -3279908
3280856 240137 3442060 3107291
3014949 1756164 2257054 -2157471
-4188724 -2510477 -2790214 771084
3857457 -368831 160374 3236737
2228696 2124866 3662675 1824482
-3658183 -1534507 -3229199 -2128532
3858583 -3556993 -2346764 1830432
3419576 -439195 1405889 -328796
532260 1670769 -468009 -1560438
3964565 3265551 618242 -1597091
559571 -171045 -4099820 -1316037
804890 -884361 -2845518 1086383
-122083 629650 1121558 -3380845
2991502 2089366 1443441 1775396
-4090817 480591 -2285666 -4068557
2414008 -302517 -882284 -1733756
1908635 -2359196 1785338 1671389
813684 -2939595 -2491933 3662468
-1540963 -1930081 3667223 42083
-2291705 3606056 1199298 2302348
2258692 -531303 3413636 1169456
2689947 -1944215 1761855 -1527622
-2471862 2498222 1223279 -603999
-2656932 -170291 1789067 3044752
-32253 -3293945 2039026 347184
3804553 -1833914 -965744 2201354
-1967680 2276391 3524045 -3902088
-2129576 -2478339 -4056989 1265655
-2600756 -1324666 -1835148 3267717
4038176 -65426 -3179916 240095
-2010045 3316909 1462214 1819153
1446229 -266425 -956579 -3883081
-3815420 -804545 -2285027 3825217
2165681 -954224 -249004 -2562694
2452382 -1169827 -2338642 885008
3912887 3425236 -236781 2747875
471027 -1754252 982101 -2480079
-1017505 -1159464 3176549 3141380
-1873769 -3279873 -3520203 -3140365
-3122132 3757967 3950427 775426
1447102 -3111976 -1122272 -2503848
3785780 2216658 4035783 -159810
3659508 -1098685 -1331444 1911424
-917771 -556880 1536436 -2926787
779209 -215036 -674254 -1419377
-3223539 -2692554 1301527 -3223569
-1971630 1374732 1149399 -2724990
3050700 -4021587 -2101542 -511732
-442929 -2659856 -2063566 -295192
-597533 -2150084 -380088 -1842550
-3120688 1310510 640985 -2185168
2680316 2790577 689791 -1955274
-4148444 -2436747 -1615044 936809
-496861 -3968548 191088 -2138817
-2806346 -1472138 1214795 2878538
1447232 -3670317 351392 -117445
-2427478 3143315 2624020 -81275
118986 196035 3637061 -2655422
3590870 3784205 407846 -623808
3601532 2798170 -199453 2220619
-643000 3026777 2457158 2197118
1139565 -3186161 -2397112 2312069
-334718 1066201 3085902 -3036676
69593 -4058452 3364431 3254253
2094194 -1983393 2964895 -1897869
-2753477 824230 -1608650 -669761
-2043987 478819 -2608732 -2408731
657458 -2721508 -3244240 938266
-1427240 3181111 -1013357 3380425
2577530 -3944756 -623352 -2141329
1024232 2756230 -3282596 -3520572
-2359748 -3488947 3623984 1075695
2332682 265643 -469014 1608598
3658195 -3677624 2856078 1691103
-556958 343784 -1672851 -2498173
-1145967 -905273 2441664 2723702
1866554 3532482 3799254 2782327
-1535980 -247148 137007 2149200
1071609 -3206661 -3662006 -938890
1664837 2356980 1723171 -2997295
514159 -1932455 -2720836 4011934
3542834 -2522575 3185607 -2440047
-4189983 -1488757 3988710 -296117
-3230528 -2168076 -2491006 -708944
-2304751 2852753 -1073703 -423229
3501112 845441 -1746649 1108822
2746745 -633316 1953580 438494
-1214649 -3922603 230043 4149831
3635002 2369455 -1527787 3990179
2877797 537671 211793 3336776
-617272 455005 -1168110 2898420
-137230 1953480 2938949 794519
2509043 3673729 -2031786 2887731
2884373 -362740 479285 3469332
-3141973 -19496 2818245 3612122
2079266 4035105 808862 865731
-1520436 3339892 2921461 3764454
-472074 -1540530 1929449 686128
-624026 -3004320 1976930 1941652
-1461680 984458 4018397 4172757
-4087002 421684 285226 955888
-615302 -562093 -824710 -2210328
3551097 2146494 -4161397 -3031542
-1204481 1161752 -2692143 -1620394
630146 -2417178 484139 -752643
-1279195 -542608 797040 2509112
3148489 -3435309 1494256 -1132345
3010346 -419093 -1228267 -1567951
2810866 375270 -2557609 282065
-517720 -3695922 -2422931 -2436209
-1858379 1727890 -3693048 1271408
-3295772 -368848 -1590703 1960172
923139 3842349 2600386 2684223
-1077874 -255813 -3637477 -4054214
-956610 3616419 -692457 3433607
-995360 -3887876 -3236397 -3679658
1025051 12584 -2880236 -1056509
1925788 -673036 -1213780 3498595
1052268 -772366 2400015 -1761411
1109277 -879766 -3823546 -3074980
-2897541 -2019398 -673078 -1687827
1674774 -599841 3202797 2565369
435910 3228846 4108015 3100062
-293092 -2582596 3538044 1334817
-2319323 1433456 897712 2589946
-3877132 461090 3142571 -2028338
4127471 445434 -1376474 -368782
-2465757 -1349209 -1384598 1594481
-349255 -2153793 512016 2301601
-160474 1725600 -2914168 2205031
1312892 303237 4021117 -1214164
2030933 -934651 -263644 2132340
-4163244 -582522 -3138943 3012858
3007413 2509069 915969 2131611
-882478 691221 -4028383 1094340
2928018 1148183 -2452585 407557
-2882230 4036028 2722462 -2312739
2644655 -1809220 3229853 1514757
-3497857 -3720936 -3939746 -4067663
-4153705 -3775362 2578233 2621543
-2053686 -3574739 -13988 2875778
-1558 4170707 1076810 23236
1609270 -3197519 -1548290 1741614
-2715932 -148448 1866758 3613992
-4078166 2788865 -1287598 3694590
1946726 -1024832 3061723 -3317205
2283795 2428093 -1193738 -602615
2823792 91037 -403310 1702048
-3166660 -2267115 3606063 -4043904
-4019644 1592905 -3123032 -6741
-1133895 -3786748 4105456 -3966516
4081354 -4045192 3206420 1673007
3497439 921044 2313375 -2510529
-1422547 3879804 1090278 -3968124
-1090691 -953902 -1792877 506569
1121380 -3978273 -3799994 -2943459
1441541 3696934 -4176654 1292850
-1884783 -2774947 1893324 -172845
3302719 258210 327567 3604763
-3879156 1837582 2869129 -3219671
-2691356 1304148 3529433 -2178675
111951 570967 1568977 3673351
1178185 -3396623 2853978 925215
2172205 577954 639025 -3870467
178545 -1347 1306579 1078215
-3466640 -2447036 -2408619 -2377325
3633521 1186379 -1664320 1562310
-660745 -718669 54081 945400
3223894 -115537 -1419071 -3708328
-3222043 -161424 2417893 -2482421
-1310195 -509568 -1374453 -40356
-2466319 1854739 -681226 -742323
4152724 -3266689 1280345 4041725
671334 1900630 3781509 236765
1086219 1149076 2831601 -2046240
-1833522 2683105 1953720 3301976
-2759945 -3853694 -2364228 2403604
4170502 -2436332 1099243 -2994712
-2430739 2986133 1809671 -2966426
641682 -3312978 -1469366 -501761
-2920576 3630528 2556580 -3637375
3490169 3402851 663747 -1088617
2316634 -707399 2258814 3515987
-1003983 -3549 -2514158 937457
486448 1779738 781393 1024538
-3976108 -1232181 1291725 -1104006
-1791862 3323121 4016922 -1477865
-300763 -130419 -868378 -3005724
3697093 -1906247 3412599 -158197
927396 3877106 2275326 1266756
-390036 -3692942 -4069683 1199793
-1229298 -2508029 -1933447 3943929
2816960 -2744300 3508569 -170544
-131204 4053797 -665121 3345973
-966376 -1190131 -1764911 -1034504
53884 -2284454 524976 -2808575
2826391 1829193 1995295 -1213338
1987655 3439768 2130830 1441827
-2936678 392786 -3040905 -3531497
-629962 1767747 1419891 475052
126015 -64987 1762135 -1889899
2223656 -3654816 2846092 3096498
277866 901685 1675954 -644109
123392 -937936 -3470305 -2681487
1590387 1812720 1186682 1437668
2249271 2129194 1665378 2771015
-1303812 -2836086 -1591003 2739888
-63547 3363126 366918 2038132
-4113082 2494333 2577683 1517707
3781003 -3460825 3317297 -2941583
-2237257 2792651 4154421 -2047001
16618 -1643080 -3436084 2134405
-610499 829621 -1425080 -3937467
-253433 1308507 -1130151 1385190
220979 1706282 -1329220 3439954
-2473864 3862699 502509 -3280687
3329804 -3590240 -88343 2616615
141924 -93433 -4129452 3410148
2611343 3525978 3735846 1650301
1846367 -3252979 2884353 3702282
1100419 -981808 -2102716 249335
-2829129 -3942943 -4193266 2259554
3395666 3063115 -1502524 3881924
-745107 -1582286 3213960 1223415
-425126 -1757287 -2378051 555258
479722 -762979 -1015455 -1787580
-2092851 -1871990 -3187201 -1254924
-2409654 -184987 -3423922 -1078614
-2418129 -698064 -2482520 -878249
2479726 3850830 88664 -722060
2146566 2044963 2865253 -146553
-2734407 2591468 -767542 -1134786
604428 -1671944 1796305 -2106197
2802783 3915497 3513384 -3572755
-2034000 -3906242 -1548268 -1398780
-422830 -1815302 2217515 3097393
-3574861 -2567172 -614749 1547977
2803581 -4073958 -1444478 1004179
-2633319 2442940 3332059 -377986
-625636 -2696280 1874647 3990227
2320130 -2839384 2633683 419175
-526528 -874191 -2720858 -985110
-3392712 1812419 3644325 1936432
-4117012 -1826931 -4134939 -3385261
2957050 1374047 -1730809 3001597
2975456 904154 -1705139 -2978433
-4181517 1229172 -2844602 -995195
4161718 3449863 1011948 2853109
-247736 2200005 125609 -2402891
-2823267 346211 -3165482 2421978
2618774 3711131 1050403 -2432149
-3037837 -2201926 2760565 -4043651
624640 -2982660 2425385 1938737
1928575 -3053135 1982767 -1137142
2001478 -2255798 -2533748 -3333300
1864220 -2035103 3915125 1317210
1790049 3898380 3230705 3289941
-4028711 -4164468 1690854 3214608
-2504580 2665575 1662863 -3275526
868448 1585155 493391 -919666
762293 1652496 -123957 391344
-3324518 2858964 1783655 -3556523
173234 -162335 -360403 -540932
3526735 4103427 -1542156 -606048
2650091 -1834681 -613508 -4007887
2939407 -605541 -3948836 -236167
-1462373 -3912240 17789 -3511599
-2106384 1261798 -2875036 1484021
-1662485 -2236087 1188303 285657
-3993023 2281858 -2278611 -1054240
-4179422 3295198 1411925 2407747
3346767 1856543 -3601430 -3271840
2307233 -2594103 2938690 862735
2772198 3755519 -41153 2790335
-365856 -1143988 -336266 -3247410
-199949 -2851745 1777335 3022855
3223992 -4128260 833873 2380914
1879976 -1208627 -3005757 3411816
1116851 4111474 -2673087 2371247
-2882753 3950737 -1754084 -1394304
-835824 -825939 -1045140 -1379172
-3502871 -2117484 -888862 -3815517
1391152 -1842453 -3034469 2884844
2571785 811001 -2059722 -3022613
1081249 972925 409840 145398
-1575595 -1696932 3197100 728047
-136264 206580 -2351119 92104
3535710 -1982331 -465233 -2862167
3564940 -1706525 3407873 -2674397
-232902 -3980303 4162855 -269681
-1490945 -3587760 2196977 3924663
-428741 4044585 2019394 -742453
1407420 -2984414 -2635532 -1314964
4167003 -2229081 -3677637 -2531580
-4064322 3556219 550916 1936941
1570266 556834 -1954793 3538778
-2871923 -1319422 -1697860 1038879
-2651522 -223424 3574179 2821864
354757 1701098 3927095 -1447668
-3316628 1412549 -2316615 2456958
2144606 -3257009 -27419 2457999
2348412 -523414 3620066 1470081
227190 4051458 -2959926 1688243
2016444 -3629819 3045936 -2126173
1343965 -2139266 4000881 3341706
-3092315 -1833427 3291033 3289388
3409708 -1696104 1114908 -2524879
-1295379 4123391 -3160049 3478478
-73382 1197901 -3120591 -1195661
194500 3751939 1828360 33177
-3708210 -3590895 452744 144032
-2931733 1574995 -3739760 238934
-2877704 2429357 -881749 2288458
1467735 4107167 -3943316 2584651
-1593184 3602860 2740934 -4120985
-2066954 1275634 -296877 4023429
-892020 3511991 1232656 -3459287
-99250 1753282 -526012 774077
-1257973 -244670 1962524 2961294
-1177112 2973165 661774 2781686
2487117 3702028 -3972596 2903936
4069392 -2855982 -3488618 2281752
-113686 -2343071 -44105 -1916527
4060416 -894489 -3207570 659850
-2935653 1786371 -2886193 2887748
-2187809 -22268 -840874 -3226492
2061890 3634010 -3106733 -1377576
-4051126 2310 1275600 492042
-3288458 -1511859 -1964217 689315
-71046 3941028 -628853 3185533
-2969754 -261132 1432422 661067
2591877 -316110 -3566971 397269
1458226 -2768260 -417966 -1148364
-416855 2415550 -4124862 3720925
2622486 261667 3659615 -1366658
3058026 -3200469 -1938821 -2967999
1698147 -55477 21126 3632159
1670257 -473901 -3825962 -2919466
1209092 1217795 1594928 342347
540088 2139832 -2841480 2809927
2153226 -1982088 -1997607 -3624055
1695485 2323211 -605622 3515018
3140862 1640426 -1418497 2120036
247651 -3024994 3518814 2478001
-1681760 -1388174 2645549 1595930
-1646698 -118323 -4108938 -710990
1812574 -1233055 3256611 2664723
1997106 4059018 -1260083 3548935
1217976 3254763 -2428764 1260953
2382165 -1598368 -2490766 4126865
3689144 3182581 3262188 355659
2478921 37506 -2557197 -373195
-2905852 112185 2067225 3836087
3547817 -1615918 -3967274 765156
-1680033 2246012 3403433 -79970
3809428 344065 3878326 582262
3807907 -3994210 -2893795 142755
-3385853 -3876308 2900601 3262060
581206 -2445510 3861338 511012
-3798517 -3964373 2955151 3763147
-766864 -3888726 126119 699820
-4095606 2846855 3645031 589721
-2834263 -2830043 1347574 3652066
538098 -1142194 2690491 2124649
-3163521 -3186633 735496 3977241
280833 -2486623 1037201 -1297229
551854 -2027326 -2159676 -1759286
3301401 -4055242 900743 1495797
-254882 -2229356 -823533 1819821
-3303222 2481055 -522102 -1035791
2230238 2309347 -895795 2458706
335832 3691396 500187 -2669638
3623927 -823929 -2931182 -3980236
-2665372 3307705 -4135635 2376594
1833359 -2119881 -145579 2615341
1442373 754758 -4089670 3607728
-2730716 3210974 2490940 1834751
277498 3692113 1580459 723990
-1620464 -1005875 1315423 3402882
-1140363 -1154729 -2548204 3335773
-601542 3384248 2913454 -1050431
-1772498 3369903 3031714 2718023
-3164044 3270625 3640055 -3180090
-4170684 2191932 -3033139 1969403
3239816 2104815 2252301 3757541
-172791 489944 -18416 -3239040
3705858 -1921410 2472662 -1942174
827130 4125995 -3549487 3287981
-2070272 1886442 1221512 -2919808
-3638696 -1795679 1639444 -2254477
373510 4065372 2077138 -1508526
-1979690 -655197 -116756 4062996
2159280 3149383 -4033294 1384999
-3118638 -714912 1269322 1339776
-3835153 335561 -623018 -3513089
-4177318 -505483 3574248 -2123063
-3529203 -2924209 -2799415 2564483
1658150 1076243 -2682590 -4103025
-3004362 3120089 -3747210 2851211
1800201 -2150095 2835556 -1803298
3960740 -639918 -3929255 -167468
-1448448 2334783 275887 838501
44271 -3389035 -3986284 1526801
3701181 1881378 -2331326 -229575
-3330650 -2107903 -331773 1169191
-1580370 3334371 2211277 -429687
-2757260 2119678 -689106 -3624295
-4124129 -3991325 -2570411 273751
-2821210 3841264 383569 -1597609
183766 -876358 1765899 -2947182
-384594 338775 4085894 3197028
3503000 -1534246 -2560830 4095722
519367 3284401 3780717 -2559331
3978362 -4094796 -4145670 -161117
2519663 -3272441 -1171208 1894662
-3075687 -3433125 76557 2879993
-3428461 2572261 -1773448 3036928
695025 -2301585 1975415 -3725459
4059108 3135516 -2018085 -2878194
-3648782 2210674 3734009 -1600127
255178 -3793598 -2463555 -1433943
-2233522 2888022 935987 -3788415
-2215734 -3971632 1699941 -521619
-2706917 4003004 -634772 3779491
81567 965333 3896307 4140130
2756552 -2189598 -3192878 -268188
2647684 3838326 -2650245 427147
2631073 1809188 -2024082 2511240
3762162 -2983311 -909694 1594188
1841548 4182266 3242608 -2229107
3655354 9393 -3925533 4018533
427985 -1888916 3513627 -1883552
-1554687 -62964 932589 1796828
-1986979 140535 291499 -4055002
89355 1589275 -2134345 -3743183
-2144900 3647594 3622945 2856255
3529268 3125369 -2151695 -3279426
2682655 17762 -3607142 -2343190
-983702 -1118758 -288805 1626200
-2167639 866119 3835597 -122652
-3615321 417007 1501781 -3357756
1211467 -1376986 -2344059 984394
-2543396 -2304266 923248 -2311929
-1083424 -153598 -3399104 1646244
-2759614 539182 -961394 -455328
275075 -1152272 2906969 2659219
-102734 -3928517 3407032 -3105426
2549233 1040761 -2550310 -3467156
141653 -402544 3095958 2874789
-2496021 -744158 3649826 1086700
2281603 -1822142 -1335711 2573725
1111600 2683572 2085495 -276560
-2271879 4013723 -2349280 3279563
-1887157 3100095 571134 -4078908
-317584 2009833 -3653664 -3080019
1260832 2085441 422691 -479962
-3737978 -542272 3323270 3657249
2082147 694069 -2682014 -3825095
128896 -2736770 -174883 -2315920
-638962 170871 -1445583 -2790863
-1272314 -1178801 -2852660 1986377
2254498 2584293 2417387 -673006
2123249 1139742 3776194 -2906657
-4126024 1519585 1746060 -895482
-2426844 -487483 -1612548 -4045702
-1443994 -125452 -1936708 4081753
-1673979 -650380 -184294 -1926138
2857964 -1587073 -1834550 3446321
3289354 -4004409 959025 2867165
-1131054 2849719 -3346102 2533401
424228 -55629 2600585 2664161
-1008031 -2150468 703151 -3086345
2654986 1162066 4146537 -1353767
-3580346 3275163 -1265590 2384277
-1165699 1912391 1429278 2764691
-3506569 -2924752 -330880 -196239
2099069 2362981 3547022 2037656
1573875 3979585 2896949 -642906
1992195 2388426 1213314 1483823
-3616644 799561 5853 -435741
3970917 2003422 3593939 4087732
-2733645 -3752204 -2360055 -856469
-228678 1380687 962671 -2700626
70799 -4160680 -3762382 -2094834
1774407 -1905633 -268543 -2871837
-1064833 -3244820 -3655656 1662613
-1074364 -1534926 2272869 2918539
-3211961 -3687285 -912562 -4142157
727053 2960698 -941656 1966024
3224205 684699 -1225144 1422497
-1779603 2772137 -4079810 351072
2635028 548277 -1624463 3872948
-41754 -3439093 -38362 1534718
-2887063 3660561 -2590929 1005247
1043251 675372 -1878016 2077432
2890966 -3968281 2720195 1509294
414979 -2223429 -2341523 -3110681
1386767 987850 -3995830 1719687
-1247811 618545 -2991894 1126086
-2217265 2044141 -2820004 -1248898
-189356 -2960135 -2522811 3023650
2094826 -989557 788747 -2637755
-2025250 -2125477 384901 563015
1442329 -4094815 -774135 -1140972
-3800369 3454128 -3185568 2064866
3546824 735051 1665786 -2974835
1108213 -3485291 -620475 -3432527
-2276087 3531593 1311264 -103663
4011510 -3315413 -171271 2877457
3237230 -431548 -3595871 2304680
-944093 -597072 861788 259449
1602316 1461305 -3712597 -1240806
1240427 -2011568 -343968 116447
-4102502 3318311 2623823 3830794
2252398 -216895 -37978 2425370
-64336 137168 59664 2718840
2441436 -440390 1908518 -2652916
-842010 -589123 2469718 -3332680
3027463 3490604 -1408682 4146393
-2616500 1922548 1121495 -357508
2125153 3472287 -4087437 1913892
-221968 1922562 -163527 -1472841
-102406 -2808583 -3124303 -2888311
-3864346 -1013222 3394559 3471069
-3073263 2376901 3255489 2373022
-4041236 -419874 547594 -2368164
-2686673 -2460089 -3549835 1859892
-1293341 -3722496 -1876946 -2933254
3257626 1378757 -802820 -3699653
2121966 1687268 1587427 2425516
-3988618 4093834 3288200 -1300655
-1179323 1601719 10946 -2811626
-2403403 -353993 -3500451 3463522
1768817 -3634170 370504 1318590
2583456 1448462 2919671 2268198
-38547 3460481 -897449 182511
1150460 -3715676 2491336 245357
-2053822 -1229013 -2669439 168594
70278 -3633041 2771522 1299090
-892820 973415 2877722 3293420
-2359882 -673421 1316777 -128045
2744581 1785307 4064807 3736727
-1981392 2238512 1880240 -2187342
-3613771 -984443 -3477210 3532984
2019481 3278264 2375384 3802566
-1712882 -2704925 -1792952 -3522801
-1560246 -2039514 -205942 2056316
-3860416 2560591 -1469578 3402786
-2430364 -353032 606670 -2007116
-1879133 1310065 1120404 -4143638
2432535 -1226468 4022442 3237663
1443176 3264813 3532985 -1885918
-3294480 1444327 -2098198 3948851
1462872 1814001 2219263 -1725119
-3597199 -2337062 2025072 -570040
143636 -3977771 2535188 -1589423
3369745 1743924 750487 -504885
2495046 1439857 968751 377154
-3310472 3462546 2246536 1427518
-1974615 -199598 -2429286 -3716128
465413 2113187 3563108 1628768
-1988189 -1417092 -1295729 -3570551
-1557180 1640531 -2070598 2468134
-3929258 -851904 1710480 2077062
1813387 -516381 354540 355889
-2353329 -2210497 2999784 482562
-2046785 3587982 -564824 -2131726
-1317229 3733546 -1833052 -2143147
4059873 625479 1581640 -317471
61480 826141 2629077 -4067636
-79619 -3631129 -3693860 1424302
2930092 1131176 3961711 -1675636
-717781 -2599583 275332 3826455
552923 -31451 -1068257 -2140645
-2955708 -3065996 2803823 -2604221
2706462 -2699838 -102787 1607982
3833047 2246636 4190081 -2202584
-866926 -3976404 -1428524 2696157
2245143 2856638 2945966 -3998382
948269 1862973 1507100 705843
-1096253 4039915 -78598 -771638
2148194 -313573 75285 3782852
3479812 -3703485 651684 -4106961
1962908 2707767 -1163552 -3824947
798687 -1593222 1422135 1489160
-22633 -1184121 -3753184 -3931264
-1507642 -117703 23751 401807
-2448905 1474190 -2616966 -2982784
341026 -309151 334525 343571
2274571 3483180 2877729 -586653
2485723 1872461 4015082 -2821848
270962 -984295 1434046 4186444
3264338 262038 -3448190 -2531470
3868241 -3397660 1935786 -33451
-2833360 462104 2717029 -1765686
-2478376 -2413544 436444 2012247
-3395625 3464618 -3476009 -2137451
-585684 2518947 -1983424 1277690
184243 -3853770 -4106577 -2391047
3005792 -2987904 582724 -1273500
3915707 56400 -111520 -2696825
4083306 -1946694 -2606581 4012206
-3801271 -336612 4071215 -4138548
736782 -4106492 -44700 -225939
-2972838 -2998069 -959459 -3228579
-1549391 -1454762 -986593 2250638
3700679 2554473 746574 1797005
-2819325 -1276960 -1569538 -504192
-1375085 -1783130 -3564498 693313
-1728559 1116711 -2095849 3906012
2205449 3649214 -2021043 3794036
-597590 3397985 3970977 2062361
3511645 1201456 -795163 -3722667
2747383 -96997 339982 2300911
-1662818 -1504808 -465955 778712
-938255 3203251 -1272681 2733811
-3243048 -2005587 -249023 -3277138
1168762 -3642777 -446096 467659
-2053049 -1786646 -828367 1869583
-538456 608628 -552716 -1047772
2447991 -424797 803937 2204619
-3806996 3137816 3271518 1198469
-2866827 388311 948140 2919068
-3101518 -1824521 3871355 -3163018
2601179 1625274 -862963 436468
-3299701 3636993 2583681 2549795
-1571762 -2063380 1962421 -3325937
-2109272 -3009996 -1230131 4191953
-1174875 -3405829 -1620808 -1955657
-3187125 4143291 3106986 -3595229
2363095 -986370 -490481 -2281680
3428585 1625521 -1095864 1280751
2386145 -302539 -3121672 3937654
1286338 -4152003 -3797139 -1131094
-1448274 -2500755 -867533 -3997121
-1720340 513149 -2070152 -3566849
1474196 3753789 -841651 -117118
3089231 1172531 -2089097 -2254182
1681205 406713 -1587731 1386199
-3161269 -2626169 -3759616 3363502
1091673 178761 -2169833 -1779966
1707731 1782130 3546892 -1058721
3614119 1609192 1132766 -2138836
-1278949 3019252 3434003 1841135
2834914 259992 1462855 -3449310
1191394 -1576494 -821333 2756450
-2453127 -2657458 -1695570 510839
-3891422 -2099769 2088802 3250484
3524280 -3831125 -3376310 4112372
829162 3431193 -520808 2882487
-2796898 -134224 -1705600 -522912
-3522849 2350093 -523799 2091214
3140865 -2973961 834732 3557550
-2120669 2262146 -559101 -3440594
-147937 2274164 82946 -2058867
-1045310 -1546114 1115456 80828
-2857635 -101015 11781 2720425
-4051779 -3379844 672323 1702532
826500 3765309 -2102882 3884510
-1562014 2511194 -2456781 1787899
2506314 -3321288 -1381368 2511940
2136321 -555210 576374 3722924
-5146 -500506 3476676 2398900
-820351 -2110149 3677083 2366848
-670662 3358683 1221649 1020152
-1330139 -2874700 3937535 -838735
2612610 945528 -1801848 3700060
-1245622 -954704 -1097469 -1637848
1506553 3259459 -2172014 -3948544
-3078605 3140541 -1027189 347772
-958585 2616015 -2410716 3722084
3571079 -1526416 -2459912 -2715501
-1404781 876500 -1101317 1218124
3526895 2722848 -3372161 3384477
791778 -3784328 3671539 -4132018
2180446 -961043 -2333626 -4141793
2234616 -3926667 -2556374 -744758
4155941 -2019538 697894 -2294901
-3985842 2342231 -3230177 3927860
2364247 753173 -569418 -2566959
-4136119 2029769 1014969 802793
-2416468 -988463 2196527 -2928092
2672983 2768737 -3799134 2615677
-2230497 -2024888 -3136453 -1599723
-3984877 2114018 1580261 -1648170
1387559 -1082169 -2623180 2663553
-3866800 -333791 -1799112 -2701266
-3001958 1035360 3288734 -2540637
-2725968 -3749559 3925787 2995734
2480276 -434908 2321231 1417114
2546687 -877651 582760 -1390068
1072416 201719 1687539 3710241
4172663 -3921246 -2257080 2038298
-2655468 -286384 964656 -1671225
3239839 -1432584 -1565674 2622194
-2852921 800420 1439209 622942
-3453132 4071580 592995 -1827314
-3279168 2718222 -2365798 3723010
-3020858 -2729049 -2373508 -3697265
1755943 1289766 -320142 -1848827
-3463029 54264 2311644 -1097976
-2948643 3473009 -476221 2083810
-2771197 -1688144 2833897 104482
2665546 -933419 -2748863 -1576972
414774 1607519 -2683524 2824320
-3535525 -240231 -1475914 -200185
3207837 3927217 -2193568 3360294
1854350 -2606557 291295 2817119
3707912 2518230 2372560 524890
3238802 2495174 -2448204 -3822008
1211509 -3268359 -3322241 -2525096
-187404 302498 -726083 416252
2055803 -311130 4172288 458172
3054765 -195423 -2065372 -3145776
1288080 2618414 1455252 -1326972
-3454033 -4070437 -2880758 1207037
3198881 -2322751 570247 -164892
-1645042 -1615876 -41760 77489
295694 4150491 -1304106 2480868
-951157 -3512662 2331811 -958143
-2553941 -340940 1516028 3743902
3806997 239857 4149335 -3250061
-1578393 -1083143 -1802409 -3134818
-511875 -333506 2123134 -561193
3442844 -10023 -62077 168929
-3536961 389958 2088488 -2649317
-452932 2806027 1914658 -2126630
-752425 1850254 180034 1945613
372932 -3143721 -2861559 1947388
-2821139 -623518 -578359 -283830
2066212 -2330498 1934900 2665419
-242887 3951953 -286242 974481
3871508 -3604355 3062601 -4165527
-2708227 3084431 3531065 4167890
-2949204 -2895879 -1128003 1309854
164964 -3670997 2335928 1436543
-1311920 4048919 -823967 2872679
3494309 -3521558 -1127640 401825
-1194489 -4188121 -675451 -3570218
-3557672 -1066124 -2109789 1925744
1081287 -3767618 206124 -378491
-3570734 -3845108 933669 1587069
-3798561 2933866 1238971 530751
-3467409 -2210781 3480400 -4020347
-2840309 1143049 -3088075 -3531817
-786682 3399923 -2155043 -3514114
-1315737 -309471 -1614423 82795
3611631 -3655724 -2558905 -2065652
3285363 689465 3755409 -4131917
640724 -1061794 3710720 -4124491
-3316814 3611271 1000095 -1672722
579499 3765997 -1489415 -3706669
-436147 3295439 3981037 -3226880
318038 3181444 804348 -3777409
-1773697 -3424212 -1787578 -609462
1187508 -3518603 -376026 -63404
3748665 1782934 2439049 2873913
749359 -3619024 2359871 -1225143
-4110553 -3067193 -3716506 367678
-3090185 1634753 -1393451 3158126
157984 3819610 1204730 2409126
-255484 -3483454 -2473663 -2501319
-3411661 -1675203 2268822 -2541894
2259574 2696810 3280381 -3930536
-3270832 1739260 2121772 3969250
3249931 -1823296 1656411 -445277
4118741 2029908 -2994546 730874
175627 130295 -1588959 4008264
699374 1868430 2701294 -14748
-1791558 -1408304 -3129969 -3962652
3988840 1254592 -937299 -916542
-3993917 320307 -2138469 -3114642
-3771281 -1824569 -1336746 -2499762
-775093 -945237 1680846 2298683
-3857872 -3858609 1405963 1821219
-3109348 1443718 2625708 -3325609
-987820 -599426 2160833 -1904277
-2613370 -119586 -1813852 2264505
-2657843 318484 3366393 892840
-3481031 1221358 -1986507 -2812354
-575132 -3641855 1661511 -1616707
-990926 -222022 3662832 -1370611
4051159 -1914724 2256615 1017721
1485383 -745287 -3236377 -695580
-2192930 3799773 1337672 1748270
-1550004 3288636 -3788085 1000131
81967 -2698003 -3974318 -1902983
626988 3083943 -2327588 -4031888
-842246 -1777814 -638167 -820674
-223320 576521 3198111 -1886704
-683264 2217365 2514561 828707
-913417 -236815 -3628960 3971427
2492884 1636444 -3317096 3423848
-440298 933174 2173692 -1803433
1628401 -2354549 4003262 2187497
2659923 -1408497 -91394 3526403
-3518194 -1659831 -1726979 -4160209
-4153539 -143277 -4086091 -716661
2164391 -891846 -2713999 3660206
3549185 -2506303 -1974607 315282
3054420 -205252 877833 -2350877
4023840 3216164 -1146888 -1392798
1566269 4095111 3111185 127948
-2126370 -1360368 2898656 176498
788411 2803462 -2345767 3918006
827135 -1510995 -509893 -967375
1809833 -3557649 -138376 -2769931
1961380 4181483 3766697 -1786258
676094 -3881862 78371 -583126
950743 895719 -2101341 -3536194
106301 -2763136 -3699685 649399
1187123 -3463654 2203283 3150961
-2826716 -2713092 -2682005 -1990883
1507834 3004887 412729 -2272822
-1850697 -40062 -2469915 3887098
1838009 -468055 2744061 -1859326
-1896838 3564237 -1135690 782257
3356358 3241095 -2574165 2479612
3274706 2036279 1103191 -3943485
-3614493 2676126 1125630 367377
3146637 -624573 870733 1473093
-3039101 -852763 -2124169 -1246379
-3303941 71513 2330169 1295596
3525202 -2038338 69133 3859431
-1182654 2500530 -1151282 -3761434
-2452833 2897963 1993721 2602575
-30811 -2779616 -3550025 271362
2800397 -1808428 3070329 1145223
-476610 -3384364 3853775 2185312
2344677 3287093 2525693 -3101430
3913573 1172656 3053075 422117
-682716 -627155 2702545 -2230255
-496429 -952332 -772451 3215029
-1242008 2016969 2287522 1106679
-3650138 3067685 -2598229 -4114479
1984756 -654332 -1938490 1659946
3851330 -1222955 -3681247 516090
1578186 -120629 1549722 -3911913
3939309 2310844 -577656 -2726475
-3251865 -898089 -1555031 -2884886
-3925483 1718709 -2285813 -1973538
-1976035 -881063 1820980 -1051063
-1686529 725621 3743667 -1580437
-1103629 2353500 -551192 2557246
-444574 1889404 1332757 3771546
1750692 2849790 2294727 -3771649
-414188 -3018064 1188970 -489002
-1656956 -1547920 3710986 3566661
-307651 -1259544 2632848 2232256
1490145 1747389 3121272 421718
-2116840 -3776732 3402932 -3828509
280731 814452 3995670 1609982
-1469373 3523666 -1368241 1173468
-3844757 2064335 3075618 2446447
-356748 2320056 1455255 1105500
-516439 3441447 -1163112 192290
-2662610 3750352 4015900 2424738
-2411298 -2397765 -3931967 3714267
-3121156 1231099 1053721 -1851870
-285652 937800 4119213 -1402471
3827926 -3131395 -3282769 -2172666
-891429 -3724821 -1978298 747584
3723274 4058741 -4106434 -2912388
2198729 424776 -2277927 1262975
-1599743 -3247921 -2350553 2564047
-2347953 3840405 -2887485 315600
121074 3178901 1137759 4161305
3883550 -3694943 57428 2664549
-3758414 -3764932 -551675 154354
674171 -3747958 -2917059 2984237
3332111 -3646820 2372162 487326
-196877 -3827723 3947146 -2549672
-1487201 -1048440 843489 -1775721
2456396 -3455678 2252979 -740629
3099658 -1420978 -1993664 3904669
3844617 1740918 -3604545 3711295
-1360571 -321225 -552868 474787
1932136 2763555 -3302534 3669953
2013261 -3852228 3491329 -1485977
1399840 2697972 2222260 1752898
1078804 3566176 -3730360 3027102
-1456940 -3503000 -2117858 -3194260
2745259 4103412 3962243 -2165125
-2256042 -3459899 1996727 3331026
-1875712 658001 2838945 -1522788
909187 -2760023 2942245 -2666735
541578 1831757 1210174 -2112803
-3709996 -3870151 -1955528 -659
-3557229 3630938 3529601 -1177666
1907029 718023 578403 379549
-666379 3658763 -3141194 -580124
-815611 -3310098 1165463 -3756083
3284597 -3340296 -1090205 -2722030
-1079251 2456444 -2469681 3881785
-3531281 1973583 -1505695 295768
4137417 -2861185 -2019411 -2771753
-3116929 1321556 1232917 3001850
3384718 -1539027 -2917496 485061
-1340339 2299120 3940277 -1299457
3418524 -2007565 -217958 2717023
3566669 -2338686 1435417 -3351720
3931350 -2521341 2906168 3350799
2142087 -1911818 -3484147 1798587
3120187 2687676 862214 -3905370
-391169 3417148 3613911 -1273244
2812762 3052358 1246568 436298
-3498013 3775230 2106792 784539
2489706 1868790 1894642 1967353
-1046283 1855650 -396028 3704920
2517054 -3697278 -2884365 -1207085
-1111906 -2298988 -904094 885380
3133327 -444290 -1176138 3692215
763859 -3755506 2290002 -2683477
-1798979 1027250 283350 3500929
-1808779 -396374 -3440350 -1550974
-3777226 3749263 -3546301 3365297
2275784 900420 493380 -2816012
-1995223 124388 1293233 -1895939
-1479746 1481242 1174282 -3096471
-4166162 4030705 129626 938754
2553583 3677171 -812951 3919331
1843973 -2809648 -2792362 -3192507
-2128315 -239886 -254698 1771246
-3397817 -284404 818142 1420961
3736628 2410711 876385 4083696
-1632786 -1710071 -2805370 1881973
-3005523 -2388026 3942895 -915100
-151581 -3176002 1973847 328073
-1461061 -1010420 -2866269 1375067
-3908277 -1912960 -3523347 -170612
165459 2273346 -2210830 -2747981
-1403707 -834987 -2036505 -4121481
1291206 -1730391 -287099 -3357421
-2715732 -1510483 -1979561 3843845
3957405 -697450 2209249 3839001
1247410 -3547473 -1177603 -2321773
226757 -3303204 4031840 2153809
832833 -567077 3454033 1175031
3863089 3659754 1437629 -3148478
-2818631 -318116 2492903 3433005
-2265038 1282941 -4188921 1243203
274102 2158574 -1821531 2695347
-2298063 1030714 -1979263 2993895
1005166 2240556 180590 -1340895
3127107 2279948 -2416297 347034
1122222 -2702899 1621273 -2687839
3064927 -3855070 1179500 687514
-2514174 -861089 -2024379 972361
2959882 4127499 -197695 -3410942
1672383 -1584209 3065292 1796338
-3793434 3557990 4070282 169574
-3588102 -1815901 3205312 -1808524
1243789 -3427553 3785307 2733312
-1680775 1102070 1491928 -1874745
3586433 835950 2010254 -2967663
-3870989 -2449510 -1643737 956031
2251881 3240396 3661614 1950938
197656 3633982 -3305121 -3899162
-4061808 -123294 1848541 -3370526
2521324 -2113242 877593 3089545
-283949 1093157 4154023 1197493
2891381 -2725236 3522582 2647245
487186 -2279020 3506625 -3447619
3109918 2401822 -4041307 -246032
-3686680 -540016 2104033 4159302
-1335892 2607211 -773034 3725697
1546863 873535 -790737 -4098220
1535543 -935916 -882922 4047003
1520935 189293 -907592 1160235
-862414 2869871 -2608916 -1347886
2284128 -366778 -600342 1192534
-288184 -3711761 3991174 2302132
2579410 -2398294 3666325 1431589
-392650 792717 -2954537 -3618387
3735343 115879 -3055426 3704629
-172535 307135 -3353619 -1663238
-1624620 -507487 374035 132667
-3563411 2825842 -3873886 1176605
-2397011 839034 -3173706 2229571
3518243 3814373 -3638916 -823807
-158871 -1737751 -2408511 987420
1723381 -3327246 1451012 3399536
-3191249 -3395975 -3798667 -528520
-1611752 -3817237 -3841711 1681878
-4032858 -3436967 2773924 -3103449
-1908487 -3507362 -4160381 1749138
-3507055 2833847 -3832605 2787111
-3294494 -67430 1997090 -2404447
1682367 3109329 566382 2538031
3665849 2277488 1180746 191601
3216888 -499506 -1287622 1781644
-70190 4153183 -3526769 -3004459
-3494091 1663883 2401192 -1122208
-316039 -820774 3083862 -3620470
1481823 -2403463 -235503 4193973
-774052 3034367 1938527 -3269484
1474382 3244004 153018 3564420
1386145 50142 4156072 4100623
-1583254 1347063 1591315 633507
-2824803 -1772970 3711199 3132048
-195336 -3488030 2642327 1164232
2827611 -2884902 -3214404 -3182945
4079303 -3215603 479428 -2632517
-548985 -3883184 4079107 -2931771
-1110803 605091 -703650 3050076
-2643028 -1458857 3297513 3508955
-2085206 764057 -963647 -3893260
-170902 2314939 713668 3638476
-1432437 331066 -779715 -2844698
-57052 3621417 -3300634 -281675
1881909 817500 -588584 1265328
-3415912 1098505 3957593 1566876
1020748 3941363 253734 -809198
3389470 58640 -265675 -302822
-118708 -3595873 -2514114 911618
1047821 -489398 -1849979 -3087333
3471680 -904803 -1773735 2867290
-2159670 -2327756 900631 2208916
-2338912 -2417532 -3354491 -319302
669684 -3922531 2230105 -3801797
1191784 889478 2491500 -3209765
510919 -1172330 2666970 1015990
-3564384 -2636182 273587 1747750
-391110 -3480432 -569778 -3234515
3633913 -2137286 -1231814 3827747
-703392 -2291107 1154717 -2027384
-1168273 -650960 -1244637 -3083663
-2364479 -2691367 2885548 1849618
698257 3846622 2688550 2791568
-3721788 1775692 2185519 1954038
-3131659 -1635506 -2696497 2180641
1152762 58518 763870 -648264
2742245 -2716396 -194463 -217300
179317 -548705 2856965 2234052
-91749 1073803 -2004426 -662041
2656889 -3582251 -290672 -2947631
1940734 224918 -1619465 3403285
3696948 -3875483 -115314 3501900
4031807 -2694087 1991613 -4086389
-3589693 -2544706 -823246 -210770
2868478 1189092 453719 -420993
2391973 1870907 -2225494 -2614712
-3798133 1394104 -357942 -1785989
-831243 505816 660098 253004
2092537 2228925 2462201 -2942735
1465797 -2928782 -361544 -1991552
-3992169 635497 -469640 -3998552
-314633 4144747 3104132 -1582160
924908 -411099 3062720 -1256563
3510441 1149621 -1589647 220811
2817407 314162 -233449 3673852
-2396421 2442067 3460929 375007
970604 -598493 484200 -1120399
-1284489 -2043171 424085 588597
-2792390 2931963 3130915 3238409
3497999 -2140576 1228889 -1718750
1289922 -4096737 -2593938 -2019054
-2230866 3285594 -1697050 344812
866366 1362806 1335599 2898233
-1968716 3086762 -3557463 4002128
-3240209 1878409 -654378 -4118674
2940541 -1565727 1023605 3891378
-3603296 3472068 -1045721 575043
482848 -2773447 1566959 -3256662
3363692 2040974 1022180 3998306
-2343202 -4160393 -4173155 1726358
-2652541 -2305623 96724 3048926
-501697 -3041346 1518766 -722968
-2102079 -1260416 1926266 -2224147
-2190619 -3708842 853120 -3325030
-990070 -2526358 -2744249 525812
-11716 -733070 3924466 -810315
-3390081 487429 -1076919 539137
-2877330 -2904546 3928112 -3732101
-986039 -3934920 1350279 2341979
-4091814 3283994 -781550 -3186805
-2471184 97265 -1531611 2528396
1989219 2173753 3352956 1989053
1610828 3445116 -1435311 1521766
4188290 2037114 -3002896 596716
-2983988 15879 1058355 -3871404
261640 -1358203 1873472 2646055
-4104427 2998131 -1427413 -781931
685905 -777336 -1599043 -3761565
-1348217 2393664 2474233 520762
-1089565 -1324957 1535615 2352704
1314263 1786122 2635582 -167118
-745633 -3048913 -120455 3863227
-2657507 -1358881 -128151 3775269
-694964 -3578316 3424801 3299454
-982572 242120 -765803 -1746647
3433699 3960319 2248841 886905
-2375893 -1080407 -334289 2990839
-2799702 1523653 -1885351 -2033784
3653400 -3449392 160766 199596
2315951 -3314615 -230526 3317488
-3428296 -2789504 369284 3389308
2178277 -1268312 720577 -2685684
739364 -1017762 -451916 3559028
-652135 -3062848 -2330287 2916785
1777358 -1301710 228827 -382765
-2602585 -1546009 -3872210 2739944
-2016983 1779625 -1658053 4176786
-3082509 -1620656 510525 1513958
-1556619 -2394039 -2854863 -1331531
-2605437 -1519355 1881377 -2311719
-205625 3647743 1076841 -2683798
-2377391 -2639567 1628060 273256
-684187 1991199 833272 1188069
-155295 -2051912 -519993 -3195731
2855973 1511700 -565898 -3295752
2394864 2621795 282388 2862815
3976667 1013215 -1741628 -2965048
2571093 -2158997 3651092 3413605
2212331 -859390 4102230 1235233
4156810 -3675259 1838898 4044057
-3015937 4177335 -2072157 -828632
1036954 -1634219 -3426787 1245108
701047 3354451 3955377 4011035
243576 3226695 4000824 -1436745
-2824962 3287835 1520122 -2409282
1731500 -2800325 -1013100 419797
54839 -464173 1380753 1875814
999785 -360440 -1327145 1261876
-42772 -1614613 -914871 348816
-1434261 353599 -2062546 -3557618
1180731 3611191 2146068 290183
-1738362 -697205 2118697 4077495
1532357 3291669 216621 3735274
-1468946 -252617 -2879788 -3325496
-11078 2610869 3422895 2336593
2731111 1732525 -3227091 -1300501
3763756 -374681 823023 3466860
641379 -3570089 -766524 1818178
3868906 -735708 -1831969 -2076252
-4012496 1013411 -787024 3892071
-725512 -3159183 3994063 -819079
1630681 -682301 -1587220 -2027877
-2369431 -1612681 -1887471 3605271
3459899 -2857008 -1592117 188347
-1224810 -2727649 -1579500 -2444193
-3043308 2970800 -1339071 -3336715
-2649476 -487126 -1575854 -1166836
524601 2337325 -1357149 3251574
973581 2594457 -669527 -2089671
1052896 -2668626 3368661 967608
-1390862 -2188333 1339245 2694880
2682677 -1302131 -2045633 2055264
-1083846 -205282 -193174 982950
-2896266 4038270 2992109 -2390233
2028340 -540028 -3387440 810015
1992812 -4157969 -3110630 -3483459
4147538 2846729 4159097 883774
3614508 -4178507 2616964 -2041904
50645 196825 -139691 -201373
1625722 1227032 2552785 3685651
-2224882 -2524713 3911644 -3178826
2540685 -1748003 -4023700 2981639
563572 -1808754 2164189 2455572
-439622 3341787 1417103 -2496252
-1341781 -3183254 -1801881 1889423
3387688 -1843048 -2347183 2408977
-1059534 -863209 -1481193 2435023
2251054 258802 -952668 -279962
-2727551 -2437332 -3954087 496470
-177897 -1799084 -2781405 1484015
-1827742 2608550 3535806 -2475737
3782095 -3653450 3045021 -1312399
-3636074 -1185244 166822 -890720
429324 1526366 -1297518 -1262860
4002099 3506950 3020145 3341975
-475193 524854 -2960053 -1280912
-3896435 -2170960 2483838 276473
1875989 3576065 382712 -1415854
-1186636 2015972 -3176818 -4022203
-2002472 3475881 -2845928 -679838
3211325 -2752247 -3151080 -2930652
2118111 -1386080 1369484 3493585
-571218 -4086316 1399499 92417
-2050025 1803734 -3837035 -1175224
-3094888 3657335 1052850 302628
2423608 -1967903 -2101685 -838818
1481423 2607108 -2967501 1763817
4028394 2459832 1847719 599675
4111917 -3433884 373694 -3244665
2151021 -4012202 -3102641 -3400133
223147 -3745831 -1520987 -2644358
-1787329 1382400 109207 3886351
116999 -3223290 -1235130 -1752235
-1600848 -4167585 -1452657 1189622
-3012517 3745914 2871560 3566191
2575879 126200 3156170 2346001
-326959 3017140 -2986525 -785229
1788881 2286866 -3079953 818189
1538770 957334 -3556376 -1797073
-2956902 1746849 1123752 -1199144
-3196918 -2371298 3467918 1953294
3022160 -1256993 3824070 2006308
3927904 -2837159 -2802502 -303069
3711983 -3337061 1945667 86043
1495994 -2550587 -3425605 2198873
-2965930 123383 -2862295 -192475
3058251 -3713609 -2505860 3428097
-493954 4037111 3637728 -1635005
-1408844 3744712 -795476 -1839230
-3467448 -904209 -3208665 -1451771
-3733261 -2507244 -3645790 -2521322
3542802 -2262961 1582770 -2181377
1853808 3632846 -1396882 2182953
1227550 1831849 1256756 -2510475
-523809 -2245069 -810664 2399160
-2058754 1723091 2307545 -373230
2184727 1439553 -4064482 -3029888
1718750 -2975028 -301179 -3587339
-2155627 4027823 -1324539 -1960712
781306 -3864558 -3635227 -888456
77677 751915 -316097 -2805265
-1052715 1853636 -1699063 4157791
3800135 -2645802 2666915 -486038
2017551 -1465733 2176862 2787018
-3501327 270276 -3225770 -2834291
-3768781 -2759836 -2502036 -223433
-3406725 -3997357 -3346878 -2460270
-2691759 4051836 -3733893 -679908
-3122186 3598122 -3229101 1854630
-675974 -107686 1172347 -1189801
2799671 2892422 1185562 886251
2921407 1264916 -185901 -3788999
4126621 -89897 -102894 2544404
3278381 973554 -3186792 3358855
1234493 1062432 3943967 -1286444
2676814 -541670 3347924 2477038
-1542817 1197023 -2616969 1993703
1355563 1907408 4183946 898781
-1389192 -3589006 2805356 -4125195
-3356427 -3350955 -1087125 2236897
932101 1523056 2576583 -1326493
-512732 -3546484 473461 1102072
521927 -1616948 2201375 2050603
-3412761 1144548 -2762406 204056
-405976 727840 -3933907 3948712
-2950376 2286012 -1768772 2364150
-4002270 -1062779 -2458926 869183
823905 2345476 55831 2309066
4082044 2784777 557305 2449377
-3955128 1054200 1747355 -3530893
1487000 1086795 -434076 -3788354
4010135 3889686 4114310 1697518
2706688 -2770478 -4130166 -715924
4123271 2922005 2940428 -2779987
3917839 -2544633 -2312969 -1518913
835039 4019469 -392499 178741
-631245 -2632925 3190068 2738987
-3778840 2215334 3098010 4034815
-1369953 4067635 -3896677 2831143
4036094 -3270024 3577855 3392935
-3811787 433867 1311570 1829603
781527 -1301299 2673129 146734
-3176020 -3630554 3401669 4081622
-3155728 -740190 4110649 2201118
-859811 -1947328 3096825 -232037
-611009 -4105125 2623595 -1287907
-2323500 -1320936 3102495 -3429267
-3519020 123387 2918879 -2900574
-2562081 3144449 -1658526 3943473
2457464 3180702 -2699529 -145800
1012900 3542432 2272019 866921
-3451058 -3933808 -496465 2530424
908589 -249074 -2880762 3901036
-1762721 2814799 2043284 -2240556
-2086189 2954880 3245981 -2255525
-445064 -2792460 -3119382 1073760
-3045813 -2040271 746607 4180377
-3759498 1168773 -4064179 -3812492
1001325 803425 2737407 -3063665
-796060 -821154 3184383 -3703708
228127 2364457 2549940 -2689013
696116 2326162 4091407 -4144857
-2641020 3464779 -4100540 2030431
-3029588 2649123 -1621495 3477054
-2434410 374507 -1477862 171149
-1839771 -1810675 962133 -2511469
-3006310 -3518658 1875080 3571799
2014004 -4060738 3950909 -2500813
3821938 1659123 1671697 775117
-2874283 3769251 2049948 -1398448
-1285870 1229433 2251258 2560529
-1995076 1117699 -763103 1077387
-2570631 1329779 -3414946 3726544
4163619 2371294 1447387 4167267
-336611 -1963607 3977420 -305915
-471230 -168228 -2884945 -248776
4006596 -63472 3468296 -1980281
4104249 -3566640 -3743232 1263419
-2960039 2315907 -2749063 307344
1391814 -2168617 -2002049 -113136
-4034227 -2572278 620354 713412
-3715520 3148976 478163 -4095910
-3250625 4103475 -2080892 -2713363
237671 3477670 -19756 -2726446
3676497 -35641 3315754 -3682987
2311284 3971079 -2600651 3759744
42663 2144388 58590 2679118
1671914 -493751 1205291 3139602
2575456 2611682 -391547 -1253776
2170888 -965282 -3465123 -2088755
-3551445 453249 3853058 -2840852
2463239 -2863975 3001036 1030486
1834358 1772928 -1775392 706568
1527549 1165051 -1400475 1058537
342343 -1543138 3531287 -1740648
2578277 3871489 1470907 -1197969
1185952 4044443 13013 -3493827
3468098 -2897439 4113927 -2381971
3949943 3786861 975313 2165541
-1288545 4027395 2361525 553993
-1307124 2178545 1250992 56654
-3051516 -3324190 3201837 2795394
2351631 538364 2455840 -233135
-2309203 572020 -1313755 -1913705
-2271093 -2706293 -3383429 620083
3023947 -3695018 -3374840 -3974064
70140 3839061 78369 2790365
2856505 -4092385 2762311 4101898
-3864556 -1145217 -3910546 1082746
2468330 3848239 -4025883 1834512
393845 -3060420 -3621281 -2035724
2313162 -3801730 3227873 2443082
2028315 3035811 -929375 2360179
2541830 -1160340 71856 2934719
3351998 -3453896 3332841 -3650901
-1724822 -88194 -1475772 -139418
-3879723 2342710 -1075727 -2910875
3276083 -3667428 285672 3870675
2460863 -3528848 1598627 3580934
-92017 95581 -315718 2901087
-2063283 -3097680 -929104 2514489
-2182765 -704236 2222278 2252350
-1604112 -949065 -1416035 -1794420
-3126017 -1008864 -1311812 3606924
-419853 987047 2168116 3400442
-1331334 -3574597 -2409839 -3197433
2884455 -2638865 3270877 -211140
-840701 3918448 3076372 604418
2280372 -982139 2819490 -78700
-1304161 994517 3540260 3664061
604218 -2317689 2353701 -1550091
-2716502 -1330940 2578504 547717
-1470678 933183 -1517355 -1586997
-4064047 11489 -2060832 -1994627
-1027117 3226255 -2792126 -3478715
869833 1887890 340124 -913498
-4135098 2080874 -2862519 2657509
-4119044 -1759588 1839491 -4100511
-1204880 -3072132 -1122732 739009
-3063520 -4056655 3244925 1962264
692963 -2324592 -2665701 -145409
-2479217 -1279480 -2637746 2365644
805891 -3292502 -989538 -3626105
1431435 1526103 -852156 2322818
-530751 -2550818 3913002 1070533
2020663 -2146905 -1678240 2725105
35757 -491432 -255093 593950
-822990 -3281035 -353684 -827874
-4101417 2581189 406681 1015783
4182226 1699253 -441221 -808135
-1405307 -376223 1186139 1181362
1374892 2209167 -2228659 1449031
-2780730 -1270014 4034709 -2869969
-961092 108442 208421 -3323663
-3543516 -2778207 -1243620 -432177
4035109 -4109199 -2039697 2941500
-4092055 1742050 433518 2956887
2564966 -3322366 2746824 -403976
3733202 2240245 3815313 1008231
-620450 -3681358 -4086699 1546207
-592922 -3850500 -3459373 -3432684
-3344719 -1786309 -1187610 -192851
942726 -3082663 -2837792 1876359
3970347 1952258 -1636090 2943937
-1509605 448412 2286962 -196335
-888648 -3807473 4075947 -329985
2126499 -134408 -3447766 1078052
1340746 -3373218 -2492765 -1392658
-1597707 -1497875 -614955 -2617825
3682857 1817470 -3283296 -2686614
1735705 3219183 -1735502 -1212503
496961 -2698522 1121337 -127873
2341587 -1519247 -3605333 1487065
1335101 -2410553 1116444 1036793
3298018 -3718571 2777856 3506894
1235102 -3376393 -1999950 3342404
-3738845 -2435339 4083340 2389603
3519726 3654239 -1892608 -2054059
3171480 3389209 2015876 3414708
-2416416 -2314081 3361277 -4132576
1778650 3546286 -2164090 3469975
3278796 -513064 3416859 -2845779
-766127 -3510462 -3041383 3500514
-2009475 3038067 3719981 458004
-2756624 -2753057 -3928816 -934721
-2036220 54590 -2963086 3075398
65201 -3802386 -27224 2803397
-3075880 1596150 3483698 739725
1595555 -3369804 979433 2371384
-1685489 -3033344 -1356035 4133364
-1069459 -1013942 3901135 2124286
-471067 2834260 2698573 -78457
-1889404 2519824 4091591 -3889878
2231540 -3937115 2482206 -1674740
-3851361 -1844027 -3256466 -2148975
-553625 -720537 200811 -1527387
-3382524 2750784 -3138375 4086222
560075 1602446 1877539 3651055
-153165 -3554778 1801540 2666752
1314415 -3474542 1230920 2003399
4098401 -2989766 -872431 967417
-3586183 1916040 -861004 291029
2289603 973103 -1827939 1144847
-216202 2147784 -1357319 1627558
-2429538 -3108059 -2791700 2996553
-2777547 687349 3797307 -1500269
552434 101069 436693 2584717
-851969 -2737565 -475656 -1825796
1718438 -2371861 3688620 3446688
-1281771 2048871 1440181 3866091
-1906063 3541848 -40169 -2905722
-1606176 1610725 2588577 -1994642
-3116976 -2937702 260869 -2480543
2739492 -1781163 -19202 3581323
1675407 -1494827 4172343 4000413
-461904 -804871 2278479 -1009335
-3737779 -2159802 -2733250 -394816
1346223 1586624 -2267425 828281
2132240 -1274355 2018366 3370108
1455893 -3495935 498056 -2342653
-639021 3033940 3087363 328423
3080746 -3499633 3946585 2144032
774288 -3074437 -3183670 2920602
509873 2459289 -144622 1956451
-757006 759728 1932998 -158181
-3186719 -2772534 -4053377 81572
-1241904 3394676 1559244 556887
110020 -1119629 2369606 1167317
-1998555 3582176 1260638 2282904
-423248 -570792 -2674789 -2709007
-2451329 -3038994 3783365 -1010310
-2186436 1986376 2808021 -389716
3595877 -1255143 -1320153 2530076
2286578 4165965 -1220104 2560393
2813192 -3811831 -2117675 212750
2150184 -2843419 984278 -1159813
2801054 546119 -30241 954960
11175 2604966 -2536641 -1005709
-2960713 13947 1924651 3387510
3030282 1768524 1368909 3839331
-2112007 2302022 -2509510 871418
3219214 2129999 1825194 3095638
808667 -3294841 1132286 -1608921
2184121 2955171 3872321 -1508376
-918267 -1579451 -3519201 683113
2660625 2220067 -1205012 -1615467
-4013861 4146577 -3417491 -3230008
1410021 5928 -1731689 766997
1238839 -753918 2147831 2114337
-308673 -104965 2513908 -415074
1212238 -642523 1301520 1341944
60078 -1202963 -536815 2007208
2285139 -206657 862243 -260838
2954652 2137105 -1423187 927128
-2107299 -2192230 -2993767 -849865
705952 -768728 1251918 -1983197
-1119620 729988 1272335 -657766
4131554 3026067 1471178 -2332106
-1162727 2691202 850031 3971099
5322 3940489 -1139507 342841
3309388 2935747 31195 3328060
-1933912 3594681 -855789 -3041385
2023712 2979988 -2493872 -931410
-3419026 -1250948 3575472 3747707
-847746 938051 -871532 1649166
-3973502 -3796474 1267721 -3216150
-4022411 1843959 -3845470 4149365
-3787849 1503146 1098009 -1452698
1198499 385388 3804431 1082654
-2871424 2818078 407365 3844575
-3750651 -1041644 3187705 -1960402
-3266205 2022216 -3075411 -2759347
1256694 3653145 -1922736 -2821273
2208736 3180537 792507 -2631749
-3831909 1546339 548649 -2264230
2854074 -1771373 1077135 1658147
3962913 -1914101 -1814546 2020393
-3482487 566338 -739185 3779138
-1156848 2209192 2109992 2844406
132867 -3080248 -850421 2304639
-2185265 4071557 314594 3861028
1179137 1159727 2265643 -558452
2047436 3010174 -125309 3989676
1494124 4034738 2421588 -4125476
2904126 3339532 1385771 2470682
2925652 1835710 3077437 -3325633
3083230 -207216 -1631237 -759167
-3571946 1179024 2139099 381171
866553 3901799 -605557 2931809
-871802 -457193 2373916 -2411239
777451 3556363 2247819 688726
-4040585 -2857983 -3802269 1441910
-890545 -555620 -841233 2102300
2402811 -272423 -1816852 2633307
-504226 -1003033 -517447 4087784
2544106 -1899018 3922946 -544158
-3020169 -3348721 -1270849 -3589230
-3065027 -2026961 -2490064 485548
535661 -3300430 -1639909 2283292
4065546 1857025 -3143434 4047193
635704 -89026 520755 4190277
10711 -1983883 213499 901132
-2156830 2995704 3441946 1563821
643360 -2944194 1876916 -390370
3863955 459019 -461679 -581607
2704819 -1174132 -1657942 1040792
-3229868 -2207435 -1312081 -4041579
-562357 -3057469 -3862620 -509451
-2282895 1536048 -1043960 -2055945
2700 2270583 2884040 -1403351
1405649 1454639 343875 1323783
3044303 -2236181 -1219972 2385880
991848 3538483 -12523 -299692
-3672915 -2218857 -1989745 2172476
1163241 1802733 1235074 2601821
-1609949 1090223 2816690 520083
-2019836 -3030924 -2008450 -1188381
-3460220 -4096607 1057551 -3454702
-1376222 -1056157 3205907 2268849
-574803 -267792 -3706857 875097
2534489 3765205 -3983438 -3154636
652167 -2532886 -46510 790491
-2314809 -81660 -256483 -3348394
-219844 -2999734 846673 2155308
1425537 -3611595 -1589405 1842647
2285753 2916504 -687319 -1452019
-1193585 -1207980 37776 2034135
-2681188 -3301609 -3337657 2028073
-3958617 -3388846 -390722 -4005314
1631176 -1090281 2991695 2285223
-2315928 -192129 638301 -2413018
-161403 -3996754 -1238953 2105650
-2975943 -3286489 4092409 -148396
-738597 -2841501 -3791052 2308201
-1838626 -2275122 -1039457 2119750
-3464699 -2019509 -3555708 1749365
-4111063 -3437619 2030974 -3030313
-1937995 214544 -1866350 -18383
-4178677 -730423 -206587 1220335
2299090 -1765028 -4060524 -1158693
1085557 -1407830 -2792834 1192881
-4084652 2719251 -726481 -3823846
1534486 -772927 3845893 765077
-2330582 -2378504 -4129225 3718995
1406746 2792311 3017153 936542
2140581 -3460566 2489505 -2121987
2283213 -2970794 -2054147 203907
-3117186 -1376137 -1396745 3985515
588026 -2249461 -2949670 565199
2342020 3079846 2096171 -1762475
-2890289 -3733587 -3971484 -562803
3417785 -323078 -3515903 846302
518797 -1887174 -824560 4034340
1937318 4183439 -3310637 3052111
-2454543 -504280 -922953 2720340
-737272 1422417 341457 -3905570
-3274215 -2074371 -3303330 -1021515
2344765 -1080570 2416867 -2717095
-907299 1852257 2709220 3341719
-869756 1320566 -3653003 -1285087
-820898 223268 3505097 2349944
3088007 -3775216 -3286684 -2190419
-3376793 -3246157 -2999429 -2836323
-3381858 -2438779 4174142 -4150139
1836556 1300590 985881 -2845782
2471498 517439 -941356 4140513
-3701897 -3754019 552308 -2579009
-1442651 2020247 -3825338 802280
4103338 2347529 2204492 1262134
1253184 -1856283 -1871892 2390483
-3848379 -2257107 -1531604 -2247239
3783938 1356286 -3641002 3599687
1370392 -3356122 -806209 2028901
-525696 169953 2768195 3573031
602588 -3230065 2931918 1595081
-2420492 -3055869 1374922 924808
2570537 3213620 -1624520 -4035394
-1187831 -3043242 -2282588 1743554
-1676957 3193942 -2039630 3698885
-1673834 -1647331 -1560912 467147
2447648 1272529 348060 -3808245
890532 -2065553 3564855 -3774975
-1660997 4189188 1960272 3102742
-3282375 -4115876 -3066251 -2717605
